000300
000340
511340
570000
670000
602200

000300
000340
511340
500000
670000
672200

000300
500340
511340
000000
670000
672200

000300
500340
511340
600000
670000
072200

000300
500340
511340
670000
670000
002200

500300
500340
011340
670000
670000
002200

500300
500340
011340
070000
670000
602200

500300
500300
011340
070040
670000
602200

500300
500300
011340
000040
670000
672200

500300
500300
011340
600040
670000
072200

500300
500300
611340
600040
070000
072200

500300
500300
611340
670040
070000
002200

500300
500300
611300
670040
070040
002200

500300
500300
011300
670040
670040
002200

000300
500300
511300
670040
670040
002200

000300
500300
511300
600040
670040
072200

000300
500300
511300
000040
670040
672200

000300
000300
511300
500040
670040
672200

000300
000300
511300
570040
670040
602200

000300
000300
511300
570000
670040
602240

000300
500300
511300
070000
670040
602240

500300
500300
011300
070000
670040
602240

500300
500300
011300
000000
670040
672240

500300
500300
011300
600000
670040
072240

500300
500300
611300
600000
070040
072240

500000
500300
611300
600300
070040
072240

500000
500300
611300
670300
070040
002240

500000
500300
011300
670300
670040
002240

000000
500300
511300
670300
670040
002240

000000
500300
511300
600300
670040
072240

000000
500300
511300
000300
670040
672240

000000
000300
511300
500300
670040
672240

000000
000000
511300
500300
670340
672240

000000
000000
511300
570300
670340
602240

000000
500000
511300
070300
670340
602240

500000
500000
011300
070300
670340
602240

500000
500000
011300
000300
670340
672240

500000
500000
011300
600300
670340
072240

500000
500000
011300
600340
670340
072200

500000
500000
011300
670340
670340
002200

500000
500000
611300
670340
070340
002200

500000
500000
611340
670340
070300
002200

500000
500000
611340
600340
070300
072200

500000
500040
611340
600300
070300
072200

500000
500040
011340
600300
670300
072200

500000
500040
011340
670300
670300
002200

500000
500040
011340
070300
670300
602200

000000
500040
511340
070300
670300
602200

000000
500040
511340
000300
670300
672200

000000
000040
511340
500300
670300
672200

000000
000000
511340
500340
670300
672200

000000
000000
511340
570340
670300
602200

000000
000300
511340
570340
670000
602200

000000
500300
511340
070340
670000
602200

000000
500300
511340
000340
670000
672200

000000
500300
511340
600340
670000
072200

000000
500000
511340
600340
670300
072200

000000
500000
511340
670340
670300
002200

000000
500000
511340
670340
670300
000220

000000
500000
511340
070340
670300
600220

000000
500000
511340
000340
670300
670220

500000
500000
011340
000340
670300
670220

500000
500000
011340
600340
670300
070220

500000
500300
011340
600340
670000
070220

500000
500300
011340
670340
670000
000220

500000
500300
011340
070340
670000
600220

500000
500300
011300
070340
670040
600220

500000
500300
011300
000340
670040
670220

000000
500300
511300
000340
670040
670220

000000
500300
511300
600340
670040
070220

000000
500300
511300
670340
670040
000220

000000
500300
511300
670340
670040
000022

000000
500300
511300
070340
670040
600022

000000
000300
511300
570340
670040
600022

000000
000300
511300
500340
670040
670022

000000
000300
511340
500340
670000
670022

000000
500300
511340
000340
670000
670022

000000
500300
511340
600340
670000
070022

000000
500340
511340
600300
670000
070022

000000
500340
511340
670300
670000
000022

000000
500340
511340
070300
670000
600022

000000
000340
511340
570300
670000
600022

000040
000340
511300
570300
670000
600022

000040
000340
511300
500300
670000
670022

000040
500340
511300
000300
670000
670022

500040
500340
011300
000300
670000
670022

500040
500340
011300
070300
670000
600022

500040
500340
011300
670300
670000
000022

500040
500340
611300
670300
070000
000022

500040
500340
611300
600300
070000
070022

500000
500340
611340
600300
070000
070022

500000
500300
611340
600340
070000
070022

500000
500300
611340
670340
070000
000022

500000
500300
611300
670340
070040
000022

500000
500000
611300
670340
070340
000022

500000
500000
611300
600340
070340
070022

500000
500000
011300
600340
670340
070022

500000
500000
011300
000340
670340
670022

500000
500000
011300
070340
670340
600022

500000
500000
011340
070340
670300
600022

500000
500000
011340
670340
670300
000022

500000
500040
011340
670300
670300
000022

500000
500040
011340
600300
670300
070022

500000
500040
011340
000300
670300
670022

000000
500040
511340
000300
670300
670022

000000
000040
511340
500300
670300
670022

000000
000040
511040
500300
670300
670322

000000
000040
511040
570300
670300
600322

000000
500040
511040
070300
670300
600322

000000
500040
511040
670300
670300
000322

000000
500040
511040
600300
670300
070322

000000
500000
511040
600340
670300
070322

000000
500000
511040
000340
670300
670322

500000
500000
011040
000340
670300
670322

500000
500000
001140
000340
670300
670322

500000
500000
001140
070340
670300
600322

500000
500000
071140
070340
600300
600322

500000
570000
071140
000340
600300
600322

570000
570000
001140
000340
600300
600322

570000
570000
001140
600340
600300
000322

570000
570000
601140
600340
000300
000322

500000
570000
671140
600340
000300
000322

500000
500000
671140
670340
000300
000322

500000
500000
601140
670340
070300
000322

500000
500000
601140
600340
070300
070322

500000
500000
601100
600340
070340
070322

500000
500000
001100
600340
670340
070322

500000
500000
001100
670340
670340
000322

500000
500000
071100
670340
600340
000322

500000
570000
071100
600340
600340
000322

000000
570000
571100
600340
600340
000322

070000
570000
501100
600340
600340
000322

070000
570000
501100
000340
600340
600322

070000
070000
501100
500340
600340
600322

000000
070000
571100
500340
600340
600322

000000
000000
571100
570340
600340
600322

000000
000000
501100
570340
670340
600322

000000
000000
501100
500340
670340
670322

000000
500000
501100
000340
670340
670322

000000
500000
500110
000340
670340
670322

000000
500000
500110
070340
670340
600322

000000
500000
570110
070340
600340
600322

000000
570000
570110
000340
600340
600322

500000
570000
070110
000340
600340
600322

570000
570000
000110
000340
600340
600322

570000
570000
000110
600340
600340
000322

570000
570000
600110
600340
000340
000322

500000
570000
670110
600340
000340
000322

500000
500000
670110
670340
000340
000322

500000
500000
600110
670340
070340
000322

500000
500000
600011
670340
070340
000322

